loss	alae	limit	
10	3806	500000	
24	5658	1000000	
45	321	1000000	
51	305	500000	
78	78	500000	
123	60790	300000	
133	2305	300000	
140	1940	1000000	
147	2881	750000	
308	30735	1000000	
350	1255	300000	
500	164	100000	
500	1406	100000	
500	1527	300000	
500	1938	500000	
500	2215	1000000	
500	2706	500000	
500	4419	300000	
500	4495	1000000	
500	6350	300000	
500	10246	500000	
600	1458	300000	
634	211	1000000	
700	748	-99	
750	1737	500000	
750	3184	1000000	
750	3564	-99	
750	4788	1000000	
750	7865	500000	
833	9900	1000000	
900	968	50000	
916	5522	100000	
1000	407	1000000	
1000	450	750000	
1000	464	500000	
1000	780	1000000	
1000	946	50000	
1000	1088	500000	
1000	1289	500000	
1000	2293	250000	
1000	2302	1000000	
1000	2481	100000	
1000	2488	500000	
1000	2750	1000000	
1000	3388	500000	
1000	4149	500000	
1000	5675	1000000	
1000	6626	500000	
1000	7797	500000	
1000	9412	1000000	
1000	20564	1000000	
1122	1422	1000000	
1125	1224	300000	
1250	365	-99	
1250	371	300000	
1250	531	500000	
1300	1409	1000000	
1375	9459	1000000	
1456	3911	100000	
1500	60	1000000	
1500	1275	-99	
1500	2422	500000	
1500	3247	150000	
1500	4701	300000	
1500	4860	500000	
1500	6528	500000	
1500	7689	100000	
1500	8131	5000	
1500	8228	500000	
1500	11994	1000000	
1500	17146	300000	
1522	1614	25000	
1600	3537	1000000	
1666	261	300000	
1666	12323	1000000	
1701	12426	300000	
1750	198	-99	
1750	1930	500000	
1800	776	300000	
1800	1791	300000	
1937	293	100000	
1974	775	750000	
1980	2706	500000	
2000	700	500000	
2000	1190	500000	
2000	1699	5000	
2000	2453	500000	
2000	3597	300000	
2000	4505	500000	
2000	5439	1000000	
2000	5767	300000	
2000	6033	1000000	
2000	6858	300000	
2000	6995	500000	
2000	8401	1000000	
2000	8650	500000	
2000	17222	500000	
2002	5971	100000	
2022	610	500000	
2250	8204	1000000	
2500	145	300000	
2500	540	1000000	
2500	544	-99	
2500	1059	250000	
2500	1150	300000	
2500	1862	1000000	
2500	1992	500000	
2500	2439	-99	
2500	2462	300000	
2500	2874	-99	
2500	2939	10000	
2500	3352	1000000	
2500	3583	100000	
2500	4729	300000	
2500	4805	500000	
2500	4950	500000	
2500	5000	500000	
2500	5453	500000	
2500	5678	500000	
2500	5758	-99	
2500	6209	500000	
2500	7369	500000	
2500	7467	500000	
2500	9073	250000	
2500	9652	500000	
2500	12644	100000	
2500	14842	500000	
2600	824	500000	
2700	3531	500000	
2730	112158	500000	
2749	2506	1000000	
3000	1301	500000	
3000	1594	-99	
3000	1618	500000	
3000	1693	500000	
3000	1952	1000000	
3000	2103	100000	
3000	2949	500000	
3000	5831	500000	
3000	7176	1000000	
3000	10330	500000	
3000	11561	500000	
3000	11861	1000000	
3000	14485	500000	
3162	339	300000	
3269	7081	1000000	
3480	15953	500000	
3500	378	300000	
3500	3395	1000000	
3500	11240	300000	
3500	25176	1000000	
3600	3063	1000000	
3750	1536	300000	
3750	4224	300000	
3941	3689	500000	
4000	50	-99	
4000	355	1000000	
4000	1390	100000	
4000	2411	500000	
4000	2914	300000	
4000	3370	500000	
4000	3499	1000000	
4000	4439	300000	
4000	20142	1000000	
4038	5687	500000	
4465	1534	500000	
4500	2406	300000	
4500	3046	500000	
4535	1542	1000000	
4568	6180	500000	
4675	2588	1000000	
4700	5586	500000	
4750	5293	500000	
5000	137	300000	
5000	187	500000	
5000	704	500000	
5000	721	-99	
5000	1000	500000	
5000	1162	500000	
5000	1398	500000	
5000	2140	300000	
5000	2646	1000000	
5000	3604	1000000	
5000	4445	1000000	
5000	4696	300000	
5000	4756	-99	
5000	4885	250000	
5000	6292	500000	
5000	6719	1000000	
5000	7204	-99	
5000	7279	500000	
5000	7381	500000	
5000	8541	2500000	
5000	8909	300000	
5000	9858	500000	
5000	12812	300000	
5000	14683	-99	
5000	16014	300000	
5000	16099	1000000	
5010	6101	100000	
5097	9437	500000	
5500	1309	500000	
5500	3412	500000	
5600	4346	500000	
5619	2798	500000	
5655	974	500000	
6000	2754	500000	
6000	3719	25000	
6000	5823	500000	
6000	7106	500000	
6000	8520	300000	
6000	12383	500000	
6403	5111	50000	
6500	1194	-99	
6500	3698	300000	
6538	12277	500000	
6719	18254	-99	
6750	518	500000	
6907	2383	250000	
7000	1900	1000000	
7000	3431	300000	
7000	10593	-99	
7000	12909	300000	
7000	16246	500000	
7500	500	-99	
7500	508	500000	
7500	1351	500000	
7500	1449	500000	
7500	2873	300000	
7500	3285	1000000	
7500	4949	1000000	
7500	5006	500000	
7500	5244	500000	
7500	7318	1000000	
7500	7340	500000	
7500	7624	500000	
7500	11488	500000	
7500	11949	-99	
7500	13342	500000	
7500	15771	500000	
7500	17213	1000000	
7500	65020	500000	
7525	1687	500000	
7961	18113	100000	
8000	13251	500000	
8333	5116	1000000	
8333	31367	1000000	
8500	2791	-99	
8500	3484	-99	
8500	3869	100000	
8500	5403	500000	
8500	8721	100000	
8500	15780	500000	
8703	11546	300000	
8827	3329	1000000	
8939	16252	1000000	
9000	4602	300000	
9000	16732	1000000	
9250	6238	500000	
9250	23557	100000	
9427	1978	100000	
9500	2995	300000	
9500	3593	1000000	
9500	11243	500000	
10000	255	500000	
10000	258	500000	
10000	386	1000000	
10000	1787	1000000	
10000	2049	500000	
10000	2748	1000000	
10000	2907	500000	
10000	3526	1000000	
10000	3667	-99	
10000	4007	-99	
10000	4493	1000000	
10000	5111	500000	
10000	5192	500000	
10000	6422	500000	
10000	7909	1000000	
10000	8226	100000	
10000	8623	500000	
10000	11257	-99	
10000	11563	1000000	
10000	12089	300000	
10000	17053	-99	
10000	23461	500000	
10000	25133	250000	
10199	1578	100000	
11000	809	100000	
11000	3970	25000	
11000	4372	100000	
11000	4707	100000	
11000	23362	300000	
11280	14353	1000000	
11500	1076	1000000	
11667	6845	1000000	
11723	1316	300000	
12000	202	-99	
12000	1200	100000	
12000	1580	100000	
12000	2347	-99	
12000	4523	1000000	
12000	9014	100000	
12100	16320	500000	
12500	165	-99	
12500	325	-99	
12500	935	100000	
12500	2530	500000	
12500	4608	300000	
12500	6160	500000	
12500	6309	300000	
12500	8375	500000	
12500	11897	500000	
12500	14266	500000	
12500	14674	300000	
12566	3270	1000000	
12821	47257	1000000	
12875	6721	500000	
13000	26993	500000	
13450	2368	1000000	
13500	111	100000	
13500	700	500000	
13825	3208	1000000	
14000	3947	300000	
14000	10969	1000000	
14750	28217	-99	
14983	4977	500000	
15000	168	1000000	
15000	2561	-99	
15000	3003	500000	
15000	3429	1000000	
15000	4012	-99	
15000	4541	1000000	
15000	5000	300000	
15000	5110	1000000	
15000	6134	500000	
15000	7231	300000	
15000	7415	300000	
15000	13499	100000	
15000	14727	500000	
15000	20615	1000000	
15000	26482	500000	
15078	16698	500000	
15086	489	500000	
15285	7635	100000	
15833	2422	1000000	
16000	4906	500000	
16500	2791	100000	
16500	5144	500000	
16500	15819	1000000	
16666	12105	500000	
17500	2520	300000	
17500	3000	500000	
17500	5936	1000000	
17500	7525	-99	
17500	16137	500000	
17500	21740	250000	
18000	708	-99	
18000	3419	500000	
18136	11034	1000000	
18175	312	300000	
18333	9440	500000	
18358	8724	100000	
18444	20203	500000	
18500	504	500000	
18500	12138	50000	
18544	2441	500000	
18706	10557	100000	
18750	10747	500000	
18750	18458	100000	
19000	4602	300000	
19000	4870	-99	
19500	7088	1000000	
19500	12569	1000000	
19500	13674	300000	
19500	16744	75000	
19833	212	-99	
20000	2336	1000000	
20000	2863	1000000	
20000	3895	500000	
20000	4137	1000000	
20000	4542	2500000	
20000	5108	-99	
20000	5647	500000	
20000	8103	1000000	
20000	12304	300000	
20000	13218	300000	
20000	14078	500000	
20000	14417	500000	
20000	14999	500000	
20000	16223	500000	
20000	16312	500000	
20000	17905	-99	
20000	23484	1000000	
20000	32093	500000	
20000	36572	1000000	
20802	12980	100000	
21000	2642	500000	
21110	2344	300000	
21136	11244	500000	
21678	15	-99	
21951	9348	100000	
22000	3884	50000	
22000	43454	500000	
22105	2485	1000000	
22500	5250	1000000	
22940	24987	100000	
23000	5036	500000	
23000	20237	-99	
23759	2586	1000000	
24000	1080	1000000	
24014	4177	500000	
24334	17688	1000000	
24357	19934	250000	
24464	1954	300000	
25000	583	1000000	
25000	2012	500000	
25000	7920	1000000	
25000	10726	500000	
25000	15116	1000000	
25000	16118	-99	
25000	18118	75000	
25000	18155	500000	
25000	22020	500000	
25000	55472	300000	
25045	47560	100000	
25250	4389	300000	
25396	45945	500000	
25507	6782	500000	
25700	3332	500000	
25800	2931	500000	
25883	12181	50000	
26000	1908	500000	
26000	6111	1500000	
26075	2316	300000	
27000	29273	300000	
27500	2381	500000	
27500	19887	1000000	
28000	3111	500000	
28650	8034	300000	
29890	2710	500000	
30000	657	1000000	
30000	3803	500000	
30000	3829	500000	
30000	7023	-99	
30000	7439	500000	
30000	7960	500000	
30000	8312	100000	
30000	11353	500000	
30000	20221	500000	
30000	24706	500000	
30000	39831	1000000	
30811	19332	500000	
31250	3851	100000	
31882	7237	500000	
32000	8930	500000	
32500	798	500000	
32500	19667	500000	
33868	6715	500000	
34625	23407	100000	
35000	1330	1000000	
35000	1577	1000000	
35000	3577	100000	
35000	4500	300000	
35000	5553	1000000	
35000	17118	1000000	
35000	19397	300000	
35000	20399	-99	
37936	15550	300000	
38200	70922	500000	
38696	78345	500000	
38843	7883	500000	
40000	3502	300000	
40000	10177	1000000	
40000	10747	500000	
40000	21083	500000	
40000	31532	100000	
40000	66524	500000	
40461	1469	-99	
41807	17560	1000000	
41845	14127	300000	
42000	7872	500000	
42500	88534	500000	
43000	29307	500000	
45000	1182	1000000	
45000	1820	500000	
45000	9134	-99	
45000	9250	500000	
45000	10411	1000000	
45000	37529	1000000	
45666	5103	500000	
45955	3069	300000	
47500	2238	300000	
47500	5013	500000	
47500	12856	1000000	
47500	42966	500000	
48349	50611	500000	
50000	500	500000	
50000	1636	100000	
50000	2165	1000000	
50000	2809	500000	
50000	5441	500000	
50000	16303	1000000	
50000	17768	100000	
50000	25922	500000	
50147	21547	500000	
50899	18172	100000	
52500	11333	500000	
54250	8312	100000	
55000	24889	500000	
55000	29327	500000	
55651	23391	1000000	
56062	210	300000	
57000	14709	500000	
57500	10983	500000	
58064	11863	500000	
60000	4762	1000000	
60000	6118	500000	
60000	9812	-99	
60000	42230	500000	
60087	2580	1000000	
62500	12750	1000000	
63000	4881	300000	
65000	5534	1000000	
65544	27671	500000	
67500	25767	500000	
70000	1900	500000	
70000	4555	300000	
73000	13391	500000	
75000	574	-99	
75000	6125	3000000	
75000	17236	500000	
75000	17687	250000	
75000	19213	-99	
75000	30401	500000	
75000	46494	500000	
75000	72060	500000	
76991	25949	500000	
80000	4863	500000	
80000	5985	1000000	
83500	8072	500000	
86311	37711	500000	
86667	5792	1000000	
87500	16677	300000	
88803	5203	1000000	
90000	3367	1000000	
90000	6959	300000	
90451	18232	300000	
95000	12398	500000	
99632	6431	5000000	
99991	22092	300000	
100000	1416	500000	
100000	15268	300000	
100000	30149	1000000	
101276	4210	500000	
101422	9513	1000000	
104518	4825	300000	
108000	9516	500000	
110000	2004	300000	
110659	48062	1000000	
124999	2257	300000	
125000	10093	300000	
135000	42863	300000	
137500	99412	500000	
138133	22464	300000	
140837	10292	1000000	
149750	32370	500000	
150000	6945	300000	
151084	35252	1000000	
151152	155640	500000	
157499	64690	500000	
160300	17881	500000	
161187	17601	500000	
167000	53829	1000000	
168751	6114	500000	
183095	5717	500000	
184925	48811	300000	
192500	46777	500000	
200000	7846	500000	
200000	23137	1000000	
200000	61709	500000	
200000	67782	1000000	
215303	41532	500000	
225562	45613	1000000	
235000	38157	1000000	
260000	11875	500000	
289146	21359	1000000	
289428	23086	500000	
300000	55010	500000	
337500	15358	1000000	
365600	131678	500000	
370005	56123	500000	
373915	10261	1000000	
412998	45095	500000	
432500	7294	500000	
465000	27272	500000	
474400	160265	1000000	
496559	31738	500000	
838701	3662	1000000	
2173595	134743	2500000	
